medianListR = np.array([85., 34., 34., 85., 34., 34., 72., 83., 34., 72., 81., 85., 69.,
       85., 85., 85., 86., 34., 76., 82., 85., 70., 55., 57., 67., 75.,
       86., 87., 72., 33., 69., 34., 84., 85., 69., 33., 37., 85., 35.,
       85., 84., 85., 34., 33., 85., 33., 85., 72., 73., 85., 36., 40.,
       81., 69., 51., 69., 85.])

medianListV = np.array([ 86., 150.,  59.,  61.,  57.,  70.,  73., 150.,  81.,  53.,  70.,
       150.,  98.,  96.,  70., 150., 150.,  70., 150.,  50.,  52.,  71.,
        65.,  59.,  48.,  61.,  70.,  70., 150.,  95.,  57.,  78.,  51.,
       150., 150.,  61., 106., 103.,  65.,  70.,  98., 150., 150., 150.,
        99.,  52., 150., 150., 150.,  83.,  43.,  66.,  51., 109., 150.,
        70., 150.])